0.027777777777777776,0.0,0.24477437138557434,0.800506591796875,0.28062498569488525,0.9844152927398682,0.2806874066591263,0.9995018243789673,0.35978376865386963,1.0773253440856934,0.368569940328598,1.1498737335205078,0.3533305525779724,1.03569757938385,0.317107617855072,1.062870979309082,0.3292091190814972,0.9355557560920715,0.3186643123626709,1.0446357727050781,0.32837678492069244,1.0516408681869507
0.027777777777777776,0.1,0.3472898602485657,1.0909215211868286,0.3372097462415695,1.070624828338623,0.32547271251678467,1.0476255416870117,0.3054177016019821,1.1118090152740479,0.3019855469465256,1.1162060499191284,0.3361131399869919,1.0742671489715576,0.308755487203598,1.122180461883545,0.3388349562883377,1.0903396606445312,0.3450499325990677,1.1076014041900635,0.3152680993080139,1.1125380992889404
0.027777777777777776,0.2,0.35772742331027985,1.156895399093628,0.3548295497894287,0.9120576977729797,0.3305721879005432,1.0218853950500488,0.35504086315631866,1.1588932275772095,0.23930363357067108,1.0133957862854004,0.09632732719182968,0.789950966835022,0.10132235288619995,0.7982268333435059,0.0475754588842392,0.8264023661613464,0.009089834988117218,0.7338505983352661,-0.0016934573650360107,0.7158622741699219
0.027777777777777776,0.3,0.008776098489761353,0.800862729549408,-0.07418033480644226,0.8178852200508118,-0.0681753158569336,0.7822303175926208,-0.07587893307209015,0.7899633646011353,-0.07398092746734619,0.8205776214599609,-0.06640839576721191,0.8697928190231323,-0.058823153376579285,0.8636701703071594,-0.04640477895736694,0.8497154116630554,-0.04184013605117798,0.856482744216919,-0.04008978605270386,0.8854760527610779
0.027777777777777776,0.4,-0.02169077843427658,0.9040632247924805,-0.022520191967487335,0.9612846374511719,-0.010647580027580261,1.0027861595153809,-0.06545251607894897,0.9337578415870667,-0.05867387354373932,0.9377561211585999,-0.05531559884548187,0.9218834042549133,-0.05081193149089813,0.9291314482688904,0.026292696595191956,1.07698655128479,0.027609385550022125,1.082872748374939,0.02974889427423477,1.0781171321868896
0.027777777777777776,0.5,0.034398458898067474,1.0765252113342285,0.03210940957069397,1.0685632228851318,0.038643404841423035,1.1101832389831543,0.044792212545871735,1.130689024925232,0.056383632123470306,1.1520941257476807,0.05891413241624832,1.161745309829712,0.06564976274967194,1.1515507698059082,0.06705164909362793,1.1626269817352295,0.06213061511516571,1.1609642505645752,0.06097818911075592,1.1615417003631592
0.027777777777777776,0.6,0.05022762715816498,1.172799825668335,0.045566968619823456,1.1851158142089844,0.08681514114141464,1.2243980169296265,0.05736088752746582,1.272132396697998,0.05510469526052475,1.2461085319519043,0.05669083446264267,1.2717543840408325,0.05464247614145279,1.2826106548309326,0.05562075972557068,1.2742704153060913,0.05837824195623398,1.260815143585205,0.06757942587137222,1.2651448249816895
0.027777777777777776,0.7,0.0825248584151268,1.2885395288467407,0.05784045159816742,1.361291766166687,0.052520669996738434,1.3877466917037964,0.0561608225107193,1.405272364616394,0.08276113867759705,1.2835544347763062,0.036672480404376984,1.4398927688598633,0.03577042371034622,1.3895552158355713,0.03441119194030762,1.4389153718948364,0.03997035324573517,1.4182027578353882,0.03275904059410095,1.417748212814331
0.027777777777777776,0.8,0.047543756663799286,1.2399864196777344,0.06841947138309479,1.380860686302185,0.06607238203287125,1.425660490989685,0.047014862298965454,1.4532195329666138,0.03967893868684769,1.3931957483291626,0.023020058870315552,1.4120657444000244,0.025255441665649414,1.3776377439498901,0.021334141492843628,1.4133771657943726,0.014058612287044525,1.3971866369247437,0.009207725524902344,1.3785864114761353
0.027777777777777776,0.9,-0.02046985924243927,1.447529911994934,-0.016678914427757263,1.4510661363601685,0.09577220678329468,1.376381516456604,0.10619133710861206,1.4004631042480469,0.10716264694929123,1.4044930934906006,0.011120155453681946,1.3789660930633545,0.12584631145000458,1.369395136833191,0.012413069605827332,1.4795889854431152,0.024473994970321655,1.4342544078826904,0.034099504351615906,1.4606715440750122
0.12777777777777777,0.0,0.13998381793498993,1.383397102355957,0.03479854017496109,1.4970029592514038,0.14576221257448196,1.3767815828323364,0.09709325432777405,1.3235267400741577,0.034890949726104736,0.8698468804359436,0.0199040025472641,0.7045708894729614,-0.011132851243019104,0.607971727848053,-0.006591632962226868,0.5672833919525146,0.02142813801765442,0.5226713418960571,0.03437201678752899,0.49995359778404236
0.12777777777777777,0.1,0.00798305869102478,0.575802206993103,0.004133939743041992,0.5712101459503174,3.236532211303711e-05,0.6535339951515198,0.0250418558716774,0.6594976186752319,-0.020565584301948547,0.5895965099334717,0.0053294748067855835,0.6889716982841492,0.023816600441932678,0.5912959575653076,0.017999358475208282,0.6790781021118164,0.019502252340316772,0.6703106164932251,0.012059696018695831,0.6243685483932495
0.12777777777777777,0.2,0.034534186124801636,0.7112380862236023,0.011353716254234314,0.6281198859214783,-0.020130164921283722,0.6569023132324219,-0.016921743750572205,0.800419270992279,0.015406161546707153,0.791831910610199,-0.03848960995674133,0.8001900315284729,0.03476294130086899,0.7528795599937439,0.005564644932746887,0.7633805274963379,0.004259422421455383,0.8650051951408386,0.03818020224571228,0.8378580212593079
0.12777777777777777,0.3,0.016460955142974854,0.878678560256958,0.026989132165908813,0.7410370111465454,0.014120355248451233,0.8736076951026917,-0.018269360065460205,0.8791860342025757,0.03930620849132538,0.8659570217132568,0.017393216490745544,0.9390730857849121,0.01874309778213501,0.9047258496284485,0.0037115365266799927,0.9421607255935669,0.00015476346015930176,0.9654209017753601,0.07146555185317993,0.9907698035240173
0.12777777777777777,0.4,0.06347309052944183,0.9723116755485535,0.052024275064468384,1.0712134838104248,0.0747879296541214,1.0148751735687256,0.047308266162872314,1.0127184391021729,0.06773913651704788,1.0656733512878418,0.10310333222150803,1.0325045585632324,0.050325676798820496,0.9538735747337341,0.10479655861854553,1.039818525314331,0.09024950116872787,1.1155164241790771,0.07514927536249161,1.1418296098709106
0.12777777777777777,0.5,0.08935761451721191,1.0219593048095703,0.06773634999990463,0.9695237278938293,0.06252496689558029,1.036491870880127,0.10243717581033707,0.9697181582450867,0.07248350232839584,1.1459789276123047,0.046739496290683746,1.1343263387680054,0.07048944383859634,1.1910192966461182,0.05627372860908508,1.136746883392334,0.08285848796367645,1.253854513168335,0.08661188930273056,1.2108204364776611
0.12777777777777777,0.6,0.06377857178449631,1.1897507905960083,0.07779006659984589,1.2975410223007202,0.03771011531352997,1.222550392150879,0.08748145401477814,1.3586552143096924,0.03914104402065277,1.2108967304229736,0.026599593460559845,1.394099473953247,0.09138896316289902,1.3356871604919434,0.06409962475299835,1.281201958656311,0.09900260716676712,1.3952760696411133,0.06671422719955444,1.366593599319458
0.12777777777777777,0.7,0.18382001668214798,1.1340713500976562,0.1680285632610321,1.253550410270691,0.1271873563528061,1.3643382787704468,0.13514944911003113,1.26380455493927,0.13582026213407516,1.3079997301101685,0.07411332428455353,1.2401632070541382,0.12032851576805115,1.27945077419281,0.12727026641368866,1.4212350845336914,0.12174748629331589,1.290399193763733,0.15550044924020767,1.3177142143249512
0.12777777777777777,0.8,0.1509115844964981,1.40778386592865,0.14927800744771957,1.4133671522140503,0.125749871134758,1.4414927959442139,0.11366789042949677,1.4107736349105835,0.1633293405175209,1.4386764764785767,0.18686868995428085,1.40748131275177,0.13316397368907928,1.3767119646072388,0.18672063946723938,1.3891210556030273,0.14575845748186111,1.468155026435852,0.1507694348692894,1.4890080690383911
0.12777777777777777,0.9,0.15576857328414917,1.4165579080581665,0.19425515085458755,1.3141939640045166,0.13423477113246918,1.4726195335388184,0.19146868586540222,1.4615498781204224,0.21888517588377,1.4659595489501953,0.20465509593486786,1.4135186672210693,0.159221313893795,1.481095552444458,0.20477786660194397,1.52018404006958,0.1948733702301979,1.4454395771026611,0.20669593662023544,1.47454035282135
0.22777777777777777,0.0,0.19431127607822418,1.3600746393203735,0.15491265803575516,1.3741832971572876,0.1635153740644455,1.3952139616012573,0.24759835004806519,0.8732200264930725,0.1445552483201027,0.6798381805419922,0.13640127331018448,0.664173424243927,0.11546114832162857,0.5847315788269043,0.16056867688894272,0.4118509590625763,0.1813373938202858,0.43674200773239136,0.10356525331735611,0.615016758441925
0.22777777777777777,0.1,0.10255144536495209,0.5621091723442078,0.1813550516963005,0.7087336778640747,0.20292208343744278,0.5965502262115479,0.1489354968070984,0.6988869905471802,0.15634838491678238,0.7168248891830444,0.14573346078395844,0.6920525431632996,0.1362556293606758,0.6598098278045654,0.14574407041072845,0.6552914381027222,0.1358729675412178,0.6517922878265381,0.14672118425369263,0.6316406726837158
0.22777777777777777,0.2,0.17404145747423172,0.7144384980201721,0.1543235406279564,0.7838665843009949,0.16719817370176315,0.7958646416664124,0.15414606034755707,0.7686693072319031,0.15861757099628448,0.7729911804199219,0.1539715677499771,0.7729886770248413,0.13874078541994095,0.7934116721153259,0.15199606865644455,0.7814603447914124,0.1702996790409088,0.7892369031906128,0.1931372880935669,0.6413260698318481
0.22777777777777777,0.3,0.1661648154258728,0.7810410857200623,0.1718420833349228,0.8514603972434998,0.17896036058664322,0.8690277338027954,0.18522272258996964,0.8851224780082703,0.17087506502866745,0.8517105579376221,0.15271388739347458,0.8446091413497925,0.19272959232330322,0.9344935417175293,0.1985178291797638,0.87548828125,0.1519610583782196,0.8659765720367432,0.15800200402736664,0.7722014784812927
0.22777777777777777,0.4,0.2125282809138298,0.9591583013534546,0.16499999910593033,0.867181122303009,0.2273285612463951,0.9740220308303833,0.12458579987287521,1.0576813220977783,0.16892287880182266,0.9053689241409302,0.24786828458309174,1.0209426879882812,0.2418445721268654,1.0663456916809082,0.20096150040626526,1.108569860458374,0.20661969482898712,1.0843424797058105,0.2265564575791359,0.9820643663406372
0.22777777777777777,0.5,0.20271947979927063,1.0272608995437622,0.18300312757492065,1.0721968412399292,0.20340847969055176,1.122164249420166,0.16673122346401215,1.0914132595062256,0.1951906979084015,1.0749720335006714,0.1890961304306984,1.145804762840271,0.19094065576791763,1.1368930339813232,0.18556498736143112,1.1400325298309326,0.17617547512054443,1.1403124332427979,0.1858297660946846,1.1623172760009766
0.22777777777777777,0.6,0.2134438455104828,1.2526663541793823,0.20448037981987,1.2395075559616089,0.20845799148082733,1.2985353469848633,0.1858850121498108,1.3080291748046875,0.19724061340093613,1.319238305091858,0.1993422880768776,1.3198437690734863,0.19790562242269516,1.3144879341125488,0.21661660820245743,1.3196786642074585,0.23688597232103348,1.2926876544952393,0.23360136151313782,1.2930375337600708
0.22777777777777777,0.7,0.23319638520479202,1.3119276762008667,0.3146970421075821,1.2607558965682983,0.2443912997841835,1.383199691772461,0.24285686016082764,1.3872665166854858,0.2955276072025299,1.2892231941223145,0.20508656650781631,1.334954857826233,0.2901996523141861,1.3201675415039062,0.237460196018219,1.4112393856048584,0.2012694850564003,1.3679627180099487,0.2219972014427185,1.4084473848342896
0.22777777777777777,0.8,0.26479922235012054,1.3416692018508911,0.23972158133983612,1.3623627424240112,0.25123879313468933,1.3603595495224,0.23735813796520233,1.4721870422363281,0.23762693256139755,1.4690263271331787,0.20773882418870926,1.4631767272949219,0.21644876152276993,1.5037868022918701,0.3588572293519974,1.1844455003738403,0.27499935030937195,1.3777105808258057,0.2773834317922592,1.413094401359558
0.22777777777777777,0.9,0.24974491447210312,1.4346038103103638,0.23403550684452057,1.4898409843444824,0.25469890236854553,1.5508410930633545,0.25095608830451965,1.5618747472763062,0.2579629644751549,1.456973671913147,0.25456707179546356,1.4487661123275757,0.25681768357753754,1.4611529111862183,0.31244097650051117,1.2703609466552734,0.36817315220832825,0.9513970017433167,0.3141793757677078,0.5934792757034302
0.3277777777777778,0.0,0.29033616185188293,0.5516220331192017,0.3100017011165619,0.618212103843689,0.266618512570858,0.49579042196273804,0.27874021977186203,0.4596865177154541,0.29412947595119476,0.6310361623764038,0.292274072766304,0.6248204708099365,0.28854137659072876,0.47529447078704834,0.28281767666339874,0.46459734439849854,0.30183251202106476,0.6802196502685547,0.31861262023448944,0.6242392063140869
0.3277777777777778,0.1,0.3239762932062149,0.6424237489700317,0.29597635567188263,0.7039695978164673,0.2963469326496124,0.6957091093063354,0.2936111092567444,0.7063679695129395,0.30264976620674133,0.7096577882766724,0.27180950343608856,0.7797046303749084,0.3038235157728195,0.724502682685852,0.2966112792491913,0.7109981775283813,0.2980732172727585,0.7076263427734375,0.3068774789571762,0.7330767512321472
0.3277777777777778,0.2,0.3130822032690048,0.8400840163230896,0.3195049315690994,0.7971396446228027,0.3052515238523483,0.8394163250923157,0.29953694343566895,0.8571781516075134,0.29971595108509064,0.877234935760498,0.3015465885400772,0.7967117428779602,0.2967923730611801,0.7936152219772339,0.3088288754224777,0.8896177411079407,0.31058816611766815,0.888856828212738,0.3076285421848297,0.8832700848579407
0.3277777777777778,0.3,0.3283040374517441,0.8086732625961304,0.3446172773838043,0.976108729839325,0.3410041034221649,0.9895936250686646,0.3310403823852539,1.0023561716079712,0.2870500385761261,0.8664538264274597,0.26297153532505035,1.0128684043884277,0.32104575634002686,1.0117359161376953,0.2734898328781128,0.8914729356765747,0.2754671573638916,0.8976936936378479,0.2722698673605919,0.8957252502441406
0.3277777777777778,0.4,0.3267861306667328,1.0435733795166016,0.27835793793201447,1.0285447835922241,0.33827024698257446,1.0740516185760498,0.3170982599258423,1.0765609741210938,0.31280873715877533,1.0917627811431885,0.3067532479763031,1.090613842010498,0.27573028206825256,1.129394292831421,0.31212104856967926,1.107460379600525,0.3127826750278473,1.1384154558181763,0.28782011568546295,1.1484516859054565
0.3277777777777778,0.5,0.3106132298707962,1.14060640335083,0.3102804571390152,1.1840463876724243,0.30307236313819885,1.1469130516052246,0.3441689908504486,1.2174012660980225,0.3243739455938339,1.1887688636779785,0.3168647736310959,1.126388430595398,0.3154199421405792,1.0877726078033447,0.3343273103237152,1.07774019241333,0.3605750501155853,1.1322157382965088,0.36804161965847015,1.1355112791061401
0.3277777777777778,0.6,0.38993997871875763,1.1191513538360596,0.3372878432273865,1.0348706245422363,0.3315683454275131,1.1724152565002441,0.3266881853342056,1.0416244268417358,0.3302152305841446,1.1267212629318237,0.32456232607364655,1.200153112411499,0.36580996215343475,1.0913305282592773,0.301887571811676,1.1964967250823975,0.35666893422603607,1.1703020334243774,0.3457585871219635,1.1190497875213623
0.3277777777777778,0.7,0.333906888961792,1.1344380378723145,0.331280842423439,1.1591031551361084,0.33743731677532196,1.1898486614227295,0.3270752876996994,1.161846399307251,0.33068399131298065,1.3347419500350952,0.3160020411014557,1.3140802383422852,0.32225202023983,1.2774670124053955,0.31850260496139526,1.2273937463760376,0.3925364166498184,1.2540605068206787,0.3740460127592087,1.2454359531402588
0.3277777777777778,0.8,0.3647777736186981,1.1801398992538452,0.3740052282810211,1.2514941692352295,0.3324011564254761,1.370513916015625,0.37316615879535675,1.2457716464996338,0.3183296471834183,1.2831461429595947,0.3824141025543213,1.238862156867981,0.36076006293296814,1.3107858896255493,0.34979164600372314,1.353593349456787,0.373680517077446,1.2186945676803589,0.36033278703689575,1.1634334325790405
0.3277777777777778,0.9,0.4086855351924896,0.842343807220459,0.41041453182697296,0.7878614664077759,0.39585916697978973,0.7668524384498596,0.4026491492986679,0.7362508177757263,0.3715488910675049,0.8752357363700867,0.3418087363243103,0.8508331775665283,0.4183937758207321,0.8798221349716187,0.3515492081642151,1.0806225538253784,0.3249080777168274,1.3845791816711426,0.33842113614082336,1.4151663780212402
0.42777777777777776,0.0,0.3368337005376816,1.4018723964691162,0.35409078001976013,1.3002455234527588,0.4400896728038788,0.5690810680389404,0.42135922610759735,0.5292580127716064,0.3485713601112366,0.5838903784751892,0.33863168954849243,0.5933876037597656,0.4145800322294235,0.5258872509002686,0.42301511764526367,0.5377678275108337,0.4197768270969391,0.5608639717102051,0.4188966453075409,0.526177167892456
0.42777777777777776,0.1,0.448516309261322,0.5732183456420898,0.4534793645143509,0.5886597633361816,0.4397076964378357,0.6778860092163086,0.425848588347435,0.6917296648025513,0.4280904084444046,0.6725069880485535,0.4373050928115845,0.6385539770126343,0.46291354298591614,0.6356603503227234,0.46851156651973724,0.6337613463401794,0.4631577879190445,0.6534240245819092,0.45353831350803375,0.6418189406394958
0.42777777777777776,0.2,0.46991801261901855,0.7475112080574036,0.4493980258703232,0.7577475309371948,0.4480450302362442,0.7738588452339172,0.43886788189411163,0.7717946767807007,0.4625499099493027,0.7723063826560974,0.4468053728342056,0.791168749332428,0.4707025736570358,0.812035322189331,0.4597262740135193,0.7925654649734497,0.4718388617038727,0.7780412435531616,0.46682821214199066,0.7991225123405457
0.42777777777777776,0.3,0.47842760384082794,0.8177265524864197,0.47426585853099823,0.8338478803634644,0.4674912542104721,0.8396367430686951,0.46309950947761536,0.8873365521430969,0.45393432676792145,0.8445221781730652,0.46227866411209106,0.8937230110168457,0.42515483498573303,0.9198985695838928,0.4244435876607895,0.9233319759368896,0.44867126643657684,0.9614987969398499,0.4530496448278427,0.9552222490310669
0.42777777777777776,0.4,0.4638325870037079,0.8917543888092041,0.43926770985126495,0.9549664855003357,0.42035913467407227,0.9491405487060547,0.43213027715682983,0.9667019844055176,0.43421411514282227,0.9754597544670105,0.44510942697525024,0.9759438037872314,0.42459966242313385,1.0020172595977783,0.4665489047765732,0.9246920347213745,0.4374866336584091,1.026341438293457,0.4182475060224533,0.9665851593017578
0.42777777777777776,0.5,0.410938024520874,1.0967414379119873,0.4235007166862488,1.1079350709915161,0.4530385136604309,1.12986159324646,0.45099562406539917,1.1225520372390747,0.44508515298366547,1.1188409328460693,0.45072558522224426,1.1109392642974854,0.44511687755584717,1.11526358127594,0.4409763813018799,1.086998701095581,0.4414792060852051,1.075495719909668,0.44409897923469543,1.1223599910736084
0.42777777777777776,0.6,0.4438856840133667,1.1572279930114746,0.43793588876724243,1.1704390048980713,0.43332433700561523,1.1812301874160767,0.42350031435489655,1.196002721786499,0.437776118516922,1.200286626815796,0.4363212585449219,1.1942532062530518,0.4275153875350952,1.192826271057129,0.43720652163028717,1.190030813217163,0.43602779507637024,1.1837046146392822,0.39174775779247284,1.1701282262802124
0.42777777777777776,0.7,0.45693308115005493,1.2180699110031128,0.39139269292354584,1.2041807174682617,0.389924019575119,1.1877589225769043,0.45726974308490753,1.2235636711120605,0.396523579955101,1.2025089263916016,0.39541786909103394,1.217497706413269,0.45416009426116943,1.2212716341018677,0.39952999353408813,1.2498407363891602,0.46148645877838135,1.2609516382217407,0.39764291048049927,1.2495720386505127
0.42777777777777776,0.8,0.3931770622730255,1.2701468467712402,0.3941607028245926,1.276153564453125,0.3985075503587723,1.2696839570999146,0.4042895436286926,1.2887837886810303,0.4299602806568146,1.3150312900543213,0.40787024796009064,1.2594842910766602,0.43788741528987885,1.326600193977356,0.4369222968816757,1.3295233249664307,0.4355914294719696,1.34501051902771,0.4311447888612747,1.343111515045166
0.42777777777777776,0.9,0.4338693171739578,1.3908437490463257,0.4253212511539459,1.3793447017669678,0.43348440527915955,1.3614063262939453,0.4054379314184189,1.3952096700668335,0.3972313851118088,1.4052470922470093,0.3887982666492462,1.4042370319366455,0.39134155213832855,1.3748748302459717,0.397233247756958,1.3801076412200928,0.3964196741580963,1.3836557865142822,0.4176016300916672,1.3845281600952148
0.5277777777777778,0.0,0.48264986276626587,1.144151210784912,0.49572883546352386,0.9497094750404358,0.48107704520225525,0.693644106388092,0.48914487659931183,0.5859208703041077,0.4905584901571274,0.5621477365493774,0.500500351190567,0.5194287300109863,0.5060856938362122,0.49473339319229126,0.5189803242683411,0.49426406621932983,0.5038303285837173,0.4768714904785156,0.5127678215503693,0.46942585706710815
0.5277777777777778,0.1,0.5146622657775879,0.4899907112121582,0.5210741460323334,0.526642918586731,0.515276163816452,0.5574519634246826,0.5283670425415039,0.5720392465591431,0.541252613067627,0.681560754776001,0.5246199071407318,0.5621737241744995,0.5514075458049774,0.6755419969558716,0.5425198376178741,0.5317952632904053,0.5557131469249725,0.6651968359947205,0.5487363934516907,0.5399332642555237
0.5277777777777778,0.2,0.5605523586273193,0.6947371959686279,0.540779322385788,0.5811457633972168,0.5562735795974731,0.6531025767326355,0.5620006918907166,0.6596362590789795,0.5586454272270203,0.6737710237503052,0.5353446006774902,0.674290657043457,0.5636258721351624,0.6688860058784485,0.5373634099960327,0.677751898765564,0.5620419383049011,0.656409740447998,0.5641056895256042,0.6520024538040161
0.5277777777777778,0.3,0.5642281472682953,0.6390228271484375,0.5406008064746857,0.7199602127075195,0.5610962212085724,0.7126415967941284,0.5491795837879181,0.7639337778091431,0.5596820414066315,0.889789879322052,0.5517535209655762,0.9109847545623779,0.5524091124534607,0.7950628995895386,0.5813016891479492,0.9100185632705688,0.5494528412818909,0.7873989343643188,0.5526882112026215,0.9551513195037842
0.5277777777777778,0.4,0.5470362901687622,0.9993722438812256,0.5515370666980743,1.0174391269683838,0.5494502782821655,1.0131009817123413,0.5435025095939636,0.9970335364341736,0.5419845879077911,1.033815622329712,0.5547978579998016,0.974941074848175,0.5376384854316711,1.0156457424163818,0.5395604074001312,1.017406702041626,0.5348266810178757,0.9730947017669678,0.5344375967979431,1.017533302307129
0.5277777777777778,0.5,0.5308459550142288,0.9964666962623596,0.5245236456394196,1.0078328847885132,0.5422950387001038,1.1001801490783691,0.5157352983951569,1.110295057296753,0.5319580137729645,1.0896620750427246,0.5217584669589996,1.0904308557510376,0.5216635763645172,1.127010464668274,0.5240799784660339,1.1343868970870972,0.5294256210327148,1.1271601915359497,0.534400463104248,1.135385513305664
0.5277777777777778,0.6,0.5451769232749939,1.1395833492279053,0.5443568229675293,1.143284797668457,0.540542483329773,1.1607320308685303,0.529856264591217,1.170360803604126,0.5202450156211853,1.1732726097106934,0.5219756364822388,1.1698468923568726,0.5198514461517334,1.1909282207489014,0.5244781076908112,1.214613437652588,0.5171037018299103,1.2106068134307861,0.5186085999011993,1.2195466756820679
0.5277777777777778,0.7,0.5170648097991943,1.2282298803329468,0.5363655090332031,1.2555698156356812,0.5289245843887329,1.2527849674224854,0.5257619917392731,1.2615437507629395,0.5154227912425995,1.2778440713882446,0.5291027724742889,1.2813136577606201,0.5212419033050537,1.2591664791107178,0.47250865399837494,1.2121272087097168,0.47230905294418335,1.2046610116958618,0.5227878093719482,1.2469487190246582
0.5277777777777778,0.8,0.4836972653865814,1.2348942756652832,0.5305162966251373,1.3274115324020386,0.5262355506420135,1.319629192352295,0.5305053889751434,1.3226475715637207,0.5250585973262787,1.342057704925537,0.5283816158771515,1.328121304512024,0.4694375991821289,1.3071695566177368,0.5227613747119904,1.3356561660766602,0.5210422277450562,1.3358665704727173,0.4656435251235962,1.301134467124939
0.5277777777777778,0.9,0.519752025604248,1.3867353200912476,0.515553742647171,1.4007289409637451,0.5166718065738678,1.3811718225479126,0.5068716704845428,1.392212152481079,0.5116400718688965,1.4259929656982422,0.50766322016716,1.4699805974960327,0.5041685700416565,1.4434620141983032,0.506237655878067,1.442865014076233,0.5160969793796539,1.4704943895339966,0.5127753615379333,1.4513179063796997
0.6277777777777778,0.0,0.5762892663478851,0.9701237678527832,0.5903192758560181,0.6327239274978638,0.5684507787227631,0.5895653963088989,0.5731709897518158,0.5413450002670288,0.5749025642871857,0.5293168425559998,0.5980011522769928,0.5551971197128296,0.5866450071334839,0.5096551179885864,0.5837652087211609,0.5113271474838257,0.5851468145847321,0.5201155543327332,0.5977886021137238,0.4936555027961731
0.6277777777777778,0.1,0.5939749479293823,0.5165610313415527,0.5898418426513672,0.5292282104492188,0.6467556953430176,0.5314399003982544,0.6415966749191284,0.5586642026901245,0.6368990540504456,0.5673155784606934,0.6369189620018005,0.5754520893096924,0.6049485206604004,0.5650900602340698,0.6042825281620026,0.5760951638221741,0.5965664386749268,0.5611425638198853,0.5915651917457581,0.5715687274932861
0.6277777777777778,0.2,0.6173188984394073,0.6462937593460083,0.6500415205955505,0.6363284587860107,0.6449701189994812,0.6899135112762451,0.6521334052085876,0.71476149559021,0.658288836479187,0.7760725617408752,0.659039705991745,0.7818300724029541,0.6516839563846588,0.7823728322982788,0.6518934965133667,0.7994999289512634,0.6554728448390961,0.7787445783615112,0.6645172238349915,0.728764533996582
0.6277777777777778,0.3,0.6196979284286499,0.9150126576423645,0.6299499869346619,0.8961876630783081,0.6236032247543335,0.9283336400985718,0.6411362886428833,0.8245553374290466,0.663467288017273,0.8767381906509399,0.6523722112178802,0.8160814046859741,0.6690518856048584,0.8636612892150879,0.6501475274562836,0.8549948930740356,0.6497454047203064,0.8364328145980835,0.6514583826065063,0.8218122720718384
0.6277777777777778,0.4,0.6314566135406494,0.9486613869667053,0.6616564989089966,0.9874500036239624,0.6625303626060486,0.9800485372543335,0.6419487297534943,0.952411949634552,0.6651791334152222,0.9815962910652161,0.6476386189460754,0.9807094931602478,0.6495159566402435,0.9646185040473938,0.6331585049629211,1.0443484783172607,0.660628616809845,0.9824450016021729,0.6321677267551422,1.0071454048156738
0.6277777777777778,0.5,0.6333601474761963,1.0534553527832031,0.6425487995147705,1.0486979484558105,0.639736145734787,1.045703411102295,0.6151567995548248,1.0633118152618408,0.630421370267868,1.0412193536758423,0.6290236115455627,1.0419249534606934,0.6321432590484619,1.0541112422943115,0.6351884603500366,1.06792151927948,0.6379801332950592,1.0669903755187988,0.6217867434024811,1.0929490327835083
0.6277777777777778,0.6,0.6282742917537689,1.1454689502716064,0.6309095323085785,1.147702693939209,0.594630777835846,1.1207008361816406,0.5916260778903961,1.1118241548538208,0.5897387266159058,1.1148134469985962,0.5882371962070465,1.0958853960037231,0.5883990526199341,1.1005184650421143,0.6270847022533417,1.1815739870071411,0.5873644053936005,1.1087977886199951,0.6400346457958221,1.1089084148406982
0.6277777777777778,0.7,0.6097452044487,1.2064132690429688,0.6108994483947754,1.2284079790115356,0.6142245531082153,1.262845754623413,0.6076455116271973,1.2623770236968994,0.6109022796154022,1.262570858001709,0.5767757892608643,1.2135419845581055,0.565427303314209,1.2060925960540771,0.5684649050235748,1.2196074724197388,0.564440906047821,1.2458947896957397,0.5575272440910339,1.2661181688308716
0.6277777777777778,0.8,0.6053078174591064,1.350018858909607,0.5981032252311707,1.3400015830993652,0.5980617105960846,1.310321569442749,0.5966919660568237,1.3371766805648804,0.5995570123195648,1.3539897203445435,0.5584666728973389,1.3321589231491089,0.5556906163692474,1.3389874696731567,0.5600816011428833,1.3196555376052856,0.6006401777267456,1.3413711786270142,0.55998095870018,1.345664381980896
0.6277777777777778,0.9,0.600544273853302,1.4453717470169067,0.5822387933731079,1.408735990524292,0.5814107656478882,1.3951925039291382,0.5536174774169922,1.3950097560882568,0.5921557545661926,1.4196158647537231,0.5956330299377441,1.431140422821045,0.5889305472373962,1.4212099313735962,0.6011703014373779,1.4234302043914795,0.5937981009483337,1.4092161655426025,0.6116603016853333,1.3988037109375
0.7277777777777777,0.0,0.6533831357955933,0.6557855606079102,0.6618421673774719,0.6156589984893799,0.6548125445842743,0.5611318349838257,0.676991730928421,0.5805367231369019,0.6553251445293427,0.5309154391288757,0.6586986184120178,0.5235897898674011,0.6529728472232819,0.5061060786247253,0.6534264981746674,0.5257923603057861,0.6932080090045929,0.54656982421875,0.6820970475673676,0.5359832048416138
0.7277777777777777,0.1,0.6962643265724182,0.6243986487388611,0.6898366510868073,0.6643160581588745,0.7204538285732269,0.649012565612793,0.725152313709259,0.6229852437973022,0.6998181641101837,0.6841640472412109,0.6982444822788239,0.6746891736984253,0.7348754405975342,0.5836164951324463,0.7412542104721069,0.5709315538406372,0.7000601291656494,0.5647902488708496,0.6989297270774841,0.5798591375350952
0.7277777777777777,0.2,0.7102706134319305,0.7581424713134766,0.714085191488266,0.6761529445648193,0.7074331641197205,0.7547650337219238,0.723549485206604,0.6788276433944702,0.7083911895751953,0.7474678754806519,0.7453961670398712,0.6764659881591797,0.7242738604545593,0.6812005043029785,0.7273688912391663,0.6827712059020996,0.7129622101783752,0.6820015907287598,0.7137923240661621,0.7460176348686218
0.7277777777777777,0.3,0.7407336831092834,0.78872150182724,0.7103381454944611,0.8635788559913635,0.7320635616779327,0.7859256267547607,0.7032101154327393,0.8773666024208069,0.70967698097229,0.8876548409461975,0.7157124280929565,0.8884550929069519,0.7451296150684357,0.8711664080619812,0.7208767533302307,0.9006322622299194,0.7399724423885345,0.8665320873260498,0.7396966814994812,0.8550881147384644
0.7277777777777777,0.4,0.7482783198356628,0.8704279065132141,0.7325907945632935,0.8659884929656982,0.7502892911434174,0.91837078332901,0.7536112666130066,0.9381656050682068,0.7354375720024109,0.9475431442260742,0.7524983286857605,0.9357483983039856,0.7280464470386505,0.9524306654930115,0.7328309118747711,0.9743027687072754,0.7504078447818756,0.9459012746810913,0.7296110093593597,0.9478984475135803
0.7277777777777777,0.5,0.7472223043441772,0.9365638494491577,0.7171396911144257,1.0464720726013184,0.71320441365242,1.0386414527893066,0.7319283485412598,1.036024808883667,0.7192234396934509,1.0339874029159546,0.7235494256019592,1.0298149585723877,0.7214385867118835,0.9983448386192322,0.7350442409515381,0.9957739114761353,0.7545352280139923,1.0498510599136353,0.7457000017166138,1.039053201675415
0.7277777777777777,0.6,0.7290627360343933,1.0999324321746826,0.7092926800251007,1.1088670492172241,0.7023235559463501,1.1526660919189453,0.7091004550457001,1.182350754737854,0.7289018929004669,1.1741528511047363,0.7248454093933105,1.1615774631500244,0.7180932760238647,1.2022078037261963,0.690909206867218,1.1390271186828613,0.7149387300014496,1.1742799282073975,0.7139728665351868,1.1721091270446777
0.7277777777777777,0.7,0.6932758688926697,1.1448159217834473,0.7138640284538269,1.1554009914398193,0.699811577796936,1.2118654251098633,0.6883108615875244,1.1970219612121582,0.6971514523029327,1.236307144165039,0.6880236268043518,1.2248761653900146,0.7034243941307068,1.2135450839996338,0.6682630777359009,1.2105636596679688,0.6701566576957703,1.229680061340332,0.7097885310649872,1.2064043283462524
0.7277777777777777,0.8,0.7025976181030273,1.3242783546447754,0.7095097601413727,1.2147010564804077,0.6985251307487488,1.3344659805297852,0.7041160762310028,1.2070643901824951,0.6867590844631195,1.366112232208252,0.6804326176643372,1.349151372909546,0.6832753121852875,1.3621277809143066,0.6340935230255127,1.3413981199264526,0.6904150247573853,1.2816627025604248,0.6907469630241394,1.3300381898880005
0.7277777777777777,0.9,0.6914211213588715,1.4326649904251099,0.670041024684906,1.3667141199111938,0.6791975200176239,1.3946497440338135,0.6639913320541382,1.373521327972412,0.6591554880142212,1.3786348104476929,0.6520304083824158,1.3496984243392944,0.6445869207382202,1.365127682685852,0.6542420387268066,1.372331976890564,0.6436471343040466,1.3531451225280762,0.638184517621994,1.3295058012008667
0.8277777777777777,0.0,0.8362823128700256,0.6961815357208252,0.839674562215805,0.6401766538619995,0.7687495052814484,0.5871996879577637,0.7651177942752838,0.5550965070724487,0.7553682625293732,0.5193934440612793,0.754766583442688,0.5171180963516235,0.7530092000961304,0.5213876962661743,0.7603810727596283,0.528907060623169,0.7526714205741882,0.5321652889251709,0.8177879750728607,0.47301825881004333
0.8277777777777777,0.1,0.8117943704128265,0.5301578044891357,0.8157288730144501,0.48933055996894836,0.8164265155792236,0.4819478690624237,0.8123968839645386,0.5586373209953308,0.8120528161525726,0.5690042972564697,0.8087806701660156,0.5765426158905029,0.790626049041748,0.6314799785614014,0.7542804479598999,0.5979610681533813,0.8148365020751953,0.6023286581039429,0.7590819597244263,0.6210259199142456
0.8277777777777777,0.2,0.7540073692798615,0.6079561710357666,0.8168987929821014,0.6178755760192871,0.8219980001449585,0.6290184855461121,0.7515125274658203,0.6209625005722046,0.8175597786903381,0.6570379137992859,0.8213189840316772,0.6640816330909729,0.8191902339458466,0.6649706959724426,0.8415993750095367,0.6560448408126831,0.838069349527359,0.6490250825881958,0.8383705914020538,0.6695965528488159
0.8277777777777777,0.3,0.8372701406478882,0.7557817697525024,0.8385579586029053,0.760477602481842,0.8366758525371552,0.7650230526924133,0.834503173828125,0.7656999230384827,0.8347999453544617,0.8017820715904236,0.836885005235672,0.7875642776489258,0.842933714389801,0.75771164894104,0.8424688875675201,0.7126935720443726,0.8476403057575226,0.7801362872123718,0.8560634851455688,0.7852444648742676
0.8277777777777777,0.4,0.852113664150238,0.6899884939193726,0.8469318151473999,0.7506225109100342,0.8083005547523499,0.8763989210128784,0.8330715298652649,0.9159382581710815,0.8264912068843842,0.9099874496459961,0.8313345015048981,0.915501058101654,0.8339723348617554,0.8936465382575989,0.8448480665683746,0.8905191421508789,0.8506011962890625,0.8934586644172668,0.8495353162288666,0.8910956382751465
0.8277777777777777,0.5,0.872728705406189,0.8077392578125,0.8495558202266693,0.9129427671432495,0.8407849967479706,0.9406862854957581,0.8493062257766724,0.944722056388855,0.8407946228981018,0.9655339121818542,0.8413784205913544,0.9860800504684448,0.8449279963970184,0.9671360850334167,0.8383828401565552,1.0052759647369385,0.8395298421382904,1.0116124153137207,0.8559244275093079,0.980671763420105
0.8277777777777777,0.6,0.8507063686847687,0.987004816532135,0.8432892262935638,1.0276167392730713,0.8484058082103729,1.063546895980835,0.849898487329483,1.1048862934112549,0.8201629519462585,1.0653667449951172,0.846335381269455,1.0787758827209473,0.8475131392478943,1.0673402547836304,0.8341696560382843,1.0489351749420166,0.835690438747406,1.075046181678772,0.8307195007801056,1.0957562923431396
0.8277777777777777,0.7,0.816214919090271,1.2370957136154175,0.8150258958339691,1.2431278228759766,0.8116938173770905,1.2489900588989258,0.8118762075901031,1.216973900794983,0.8074324131011963,1.2201392650604248,0.8251503705978394,1.2183752059936523,0.8073540329933167,1.2275664806365967,0.7991261184215546,1.2389016151428223,0.7970147132873535,1.2408530712127686,0.8032645881175995,1.229327917098999
0.8277777777777777,0.8,0.7466309666633606,1.1622178554534912,0.74029740691185,1.1734848022460938,0.7444579005241394,1.1612614393234253,0.7061262726783752,1.272370457649231,0.7399219274520874,1.1989941596984863,0.7291818857192993,1.211909532546997,0.7991064786911011,1.1602120399475098,0.725667268037796,1.250053882598877,0.7156551480293274,1.2347073554992676,0.721304714679718,1.2619692087173462
0.8277777777777777,0.9,0.7341102957725525,1.3050466775894165,0.7249138355255127,1.3043588399887085,0.7192646861076355,1.299513578414917,0.713917464017868,1.3273471593856812,0.7098391056060791,1.3190574645996094,0.7193124294281006,1.3395462036132812,0.7286739945411682,1.331621527671814,0.7384245097637177,1.3522462844848633,0.7493306994438171,1.359225869178772,0.7435818910598755,1.3496382236480713
0.9277777777777778,0.0,0.7462442517280579,1.3102213144302368,0.8341850638389587,1.0079257488250732,0.9068433940410614,0.7079888582229614,0.9387177228927612,0.4423530399799347,0.8798722326755524,0.49672168493270874,0.890213280916214,0.45225250720977783,0.8914396166801453,0.43930864334106445,0.9116305410861969,0.4521905183792114,0.8901646733283997,0.4412907361984253,0.9255257546901703,0.42530348896980286
0.9277777777777778,0.1,0.9218060970306396,0.4277697205543518,0.8800196349620819,0.43420475721359253,0.9038175344467163,0.5437061190605164,0.9077665209770203,0.5477966070175171,0.9104533493518829,0.5582060813903809,0.8822929263114929,0.48323625326156616,0.9203053414821625,0.5142459869384766,0.897464394569397,0.4512757658958435,0.9191325604915619,0.5161256790161133,0.9174675643444061,0.5111032724380493
0.9277777777777778,0.2,0.9577459692955017,0.43504172563552856,0.9517981708049774,0.43906188011169434,0.9344293177127838,0.49424099922180176,0.9387502670288086,0.5580052733421326,0.8835943937301636,0.63785320520401,0.8838354647159576,0.6170907020568848,0.8903289139270782,0.6272778511047363,0.9391316175460815,0.5429869294166565,0.9365180134773254,0.5338722467422485,0.89813032746315,0.6268229484558105
0.9277777777777778,0.3,0.8958702981472015,0.6488295793533325,0.9000561535358429,0.6411936283111572,0.898066520690918,0.6980005502700806,0.9042834937572479,0.7501687407493591,0.9299834966659546,0.7814257740974426,0.9064205586910248,0.8615427613258362,0.9354398250579834,0.7431102395057678,0.9168108999729156,0.8144373893737793,0.9093921780586243,0.8101262450218201,0.9363022148609161,0.717841625213623
0.9277777777777778,0.4,0.9276871085166931,0.7388978004455566,0.9270591139793396,0.7555800676345825,0.9510483741760254,0.7605568170547485,0.972591906785965,0.7199746370315552,0.9430802464485168,0.8085425496101379,0.975690096616745,0.7220192551612854,0.9783615171909332,0.726417064666748,0.9626991450786591,0.7933905124664307,0.9690871834754944,0.8183234930038452,0.9771709442138672,0.7341470718383789
0.9277777777777778,0.5,0.9574027955532074,0.8659563660621643,0.9430002570152283,0.894355297088623,0.9408673644065857,0.9022423624992371,0.9681011140346527,0.8362863659858704,0.9158285856246948,0.9187729954719543,0.9305323660373688,0.9175737500190735,0.9274851381778717,0.9272640347480774,0.9321968257427216,0.940179705619812,0.9567323327064514,0.8873897194862366,0.9619090557098389,0.9026538729667664
0.9277777777777778,0.6,0.9547973573207855,0.9394407272338867,0.9606385827064514,0.9494686126708984,0.9635775089263916,0.9438369274139404,0.9523139894008636,0.9853718280792236,0.932580977678299,1.0454751253128052,0.9598530232906342,1.003051519393921,0.9528555572032928,1.0096945762634277,0.954080194234848,1.024200439453125,0.9537957310676575,1.024857759475708,0.9503941237926483,1.0215517282485962
0.9277777777777778,0.7,0.9506266117095947,1.0317842960357666,0.9700639545917511,1.0011014938354492,0.9137732088565826,1.1225254535675049,0.935190349817276,1.1002272367477417,0.9120016098022461,1.1362152099609375,0.9266158938407898,1.1716220378875732,0.9357959032058716,1.1434826850891113,0.9291390776634216,1.1724648475646973,0.921207994222641,1.139573335647583,0.9626207053661346,1.100733995437622
0.9277777777777778,0.8,0.8813687264919281,1.2370668649673462,0.9230650663375854,1.1215054988861084,0.895685076713562,1.2471508979797363,0.8998630940914154,1.2635825872421265,0.8970324099063873,1.2702443599700928,0.8911779820919037,1.2635583877563477,0.8943470120429993,1.2720417976379395,0.8930303156375885,1.2600065469741821,0.9412323534488678,1.1735527515411377,0.8909969627857208,1.2620255947113037
0.9277777777777778,0.9,0.8062565326690674,1.1820210218429565,0.7953450083732605,1.2016003131866455,0.7978014051914215,1.2657629251480103,0.8087219595909119,1.274857997894287,0.8028911352157593,1.279066562652588,0.8089816272258759,1.285790205001831,0.8035048544406891,1.2980875968933105,0.8584305942058563,1.2307097911834717,0.7936958372592926,1.3042279481887817,0.7979045212268829,1.3274352550506592
